50
5015
5663
6254
6887
7506
8121
8749
9034
9354
9662
9974
10574
11191
11807
12434
13038
13646
14266
14848
15461
16103
16737
17359
17973
18580
19171
19796
20229
20373
20668
21011
21324
21630
21937
22237
22851
23472
24098
24727
25355
25962
26265
26581
26891
27196
27490
27792
28110
28431
28741
29037
29341
29653
30861
32109
33318
34576
34877
35189
35816
36107
36394
37065
37339
37636
38270
38566
38848
39482
40080
40722
41364
42006
42529
42987
43276
43835
44471
44944
45397
45729
46006
46306
46906
48177
49426
49955
50285
50602
50908
51237
51533
51860
52425
53053
53690
54320
54794
55253
55563
55861
56146
56453
56747
57342
57987
58618
59217
59834
60448
60735
61061
61375
61706
62310
62898
63521
64147
64797
65414
66001
66324
66626
67202
67843
68459
69091
69391
69698
70000
70307
70614
70917
71233
71531
71850
72141
72450
72761
73060
73387
73697
73999
74597
75237
75846
76461
77069
77678
78950
79231
79541
79855
80185
80478
80778
81069
81381
81990
82671
82922
83232
83534
83856
84458
85074
85391
85696
86027
86348
86899
87566
88177
88794
89420
90052
90313
90638
90961
91282
91847
92477
93123
93743
94342
94669
94967
95284
95594
95896
96187
96786
97441
97716
98034
98306
98637
99909
101128
102334
103575
104775
106036
107262
108489
109078
109442
109760
110052
110357
111035
111469
111911
112237
112424
112566
112834
113159
113474
113953
114400
114715
115041
115291
115925
116378
116764
117114
117255
117385
117727
118359
118985
119581
120160
120804
121421
122077
122675
123317
123932
124558
124828
125144
125459
125767
126332
126775
127010
127296
127595
127905
128224
128813
129435
129704
130042
130365
130683
131264
131928
132229
132536
132828
133144
133723
134382
134682
134983
135333
135623
136139
136543
136871
137040
137174
137435
137752
138085
139933