1300
2499
3590
4691
4936
5183
5719
6847
7985
9075
9333
9568
10147
11225
12328
13476
13738
13975
14541
14819
16850
17833
18100
18356
18631
18897
20057
21169
22345
22646
22887
23159
23407
23678
24479
25605
26729
26960
27220
27508
27765
28079
28885
29219
30017
30346
31127
31430
31681
31963
32298
32602
35588
35865
36117
36405
36697
37008
38463
39515
40040
40318
40570
40840
41172
41497
42829
43930
44467
44745
45009
45293
45566
45903
46691
46981
47777
48068
48863
49158
49425
49711
50032
50956
53338
53613
53895
54190
54507
57969
58232
58501
58785
59059
59356
62343
62586
62871
63142
63419
63690
64529
64805
65557
65887
66719
67014
67294
67580
67868
68183
71264
71506
71782
72039
72291
73440
74510
75607
75890
76140
76425
76692
76923
77774
78883
80006
80259
80527
80799
81075
81348
82220
82485
83289
83583
84353
84632
84920
85177
85430
85717
89047
89287
89575
89876
90205
90611
94276