2131
2576
3013
3330
3859
4420
4871
5248
6021
6516
6962
7339
8117
8686
9111
9514
9987
10154
10320
10652
10949
11417
11833
12515
13054
13506
13851
14671
15192
15616
15991
16840
17334
17740
18049
18177
19328
20293
21203
21470
21726
22546
22882
23822
23972
24407
24545
24993
25130
25543
25675
26072
26336
26625
26881
27143
27406
27692
27922
28206
28458
28744
28981
29277
29551
29813
30087
30227
30365
30606
30900
31174
31450
31683
31976
32211
32365
32489
32784
33053
33333
33586
33868
34017
34149
34302
34431
34669
34966
35207
35518
35761
36053
36209
36344
36485
36631
36750
37071
37235
37368
37539
37874
38260
38496
38622
38944
39259
39503
39806
40062
40326
40593
40798
40911
41103
41421
41577
41701
41959
42209
42500
42771
42909
43058
43333
43607
43882
44021
44271
44421
44548
44844
44970
45102
45388
45515
45892
46286
46671
47041
47322
47618
48197
48448
48725
48994
49262
49832
50385
50525
50679
50822
50965
51126
51335
51471
51738
52002
52546
52817
53090
53338
53611
54151
54655
54806
54935
55028
55134
55309
55543
55827
55953
56259
56513
56755
57070
57386
57621
57921
58171
58488
58878
59256
59635
60041
60299
60543
61128
61405
61671
61814
61958
62112
62240
62383
62507
62776
63215
63586
64024
64403
64674
64918
65965
66252
66535
66829
67097
67526
67925
68296
68738
68999
69241
70237
71325
72393
73505
74081
74640
75197
75727
76006
76283
76575
76831
77116
77363
77626
77903
78458
78727
79003
79155
79311
79461
79809
80099
80375
80834
81201
81348
81490
81639
82034
82304
82553
82814
83081
83346
83605
83854
84151
84431
84683
84946
85240
85493
85753
86009
86300
86563
86838
87102
87395
87634
87771
87918
88032
88217
88506
88729
89025
89291
89527
89751
89908
90039
90198
90308
90558
90785
91102
91399
91693
91952
92215
92500
92760
93042
93318
93574
93838
94134
94384
94525
94809
94922
95221
95469
95746
96010
96277
96385
96497
96643
96731
96857
97094
97401
97632
97927
98153
98352
98481
98605
98712
98819
98925
99262
99497
99799
100038
100339
100611
100862
101137
101394
101661
101938
102223
102496
102778
103283
103582
103837
104354
104528
104665
104954
105096
105242
105371
105688
105999
106270
106612
106765
107046
107179
107340
107460
107854
108171
108457
108700
108971
109248
109502
109776
110026
110269
110414
110547
110676
110799
110916
111063
111215
111345
111456
111542
111625
111714
111779
111888
111971
112078
112187
112274
112357
112446
112597
112795
113080
113347
113600
113851
114126
114389
114652
114913
115172
115447
115701
115964
116238
116501
116767
117033
117335
117637
117873
118133
118411
118689
118956
119981
120222
120465
120685
120976
121110
121322
121504
121660
121791
122008
122148
122384
122535
122712
122879
123113
123242
123427
123641
123811
123940
124150
124281
124411
124519
124670
124818
124946
125072
125202
125331
125438
125566
125715
125823
125975
126082
126210
126358
126464
126596
126719
126826
126952
127060
127184
127312
127418
127525
127611
127699
127785
127894
127976
128101
128166
128273
128359
128448
128525
128614
128701
128786
128872
128959
129061
129129
129211
129296
129398
129495
129585
129649
129758
130017
130268
130573
130849
131113
131411
131712
131855
131991
132230
132507
132780
133071
133331
133607
133860
134155
134414
134683
134952
135213
135506
135761
136025
136296
136558
136814
137102
137374
137635
137897
138137
138411
138518
138782
138885
139146
139273
139634
139718
139983
140091
140291
140694
140896
141179
141405
141691
141957
142232
142499
142784
143028
143311
143551
143843
144111
144387
144664
144931
145199
145452
145736
145991
146296
146544
146801
147038
147166
147409
147515
147811
147939
148223
148331
148553
148678
148907
148993
149203
149288
149530
149784
150034
150292
150568
150835
151125
151394
151688
151934
152204
152488
152720
153001
153260
153555
153813
154107
154358
154633
154881
155174
155417
155701
156099
156516
157014
157175
157307
157448
157607
157786
157932
158258
158501
158739
158993
159268
159542
159763
160059
160333
160570
160865
161113
161348
161664
161970
162238
162500
162750
163039
163282
163536
163808
164038
164299
164405
164821
165151
165274
166006
166312
166574
166829
167060
167352
167630
167895
168158
168200
168375
168504
168751
169027
169258
169533
169782
170023
170239
170302
170517
170601
170877
171125
171407
171635
171882
172169
172463
172725
172974
173334
173624
174165
174687
174958
175225
175496
175777
176033
176281
176558
176838
177093
177377
177635
177906
178163
178399
178715
179000
179265
179522
179843
180043
180150
180276
180405
180509
180722
181140
181312
181455
181591
181921
182231
182526
182799
183035
183300
183890
184394
184537
184644
184751
184860
185146
185383
185604
185737
186012
186288
186586
186860
187126
187393
187639
187926
188175
188414
188710
188975
189227
189831
190063
190357
190606
190835
190942
191026
191115
191201
191307
191413
191506
191593
191700
191803
191894
191978
192081
192170
192244
192426
192693
192864
192971
193058
193122
193230
193334
193422
193525
193613
193733
193801
193908
194089
194349
194651
194944
195201
195462
195751
196036
196274
196404
196549
196820
197103
197377
197568
197668
197934
198277
198546
198678
198927
199207
199457
199561
199668
199777
199886
199993
200097
200204
200292
200421
200486
200609
200674
200766
200935
201220
201358
201478
201543
201650
201758
201865
201972
202118
202181
202288
202366
202497
202539
202653
202794
203286
203571
203879
204151
204416
204699
204969
205241
205528
205903
206313
206704
207071
207344
207593
208226
208471
208613
209272
209834
210027
210170
210311
210456
210602
210741
211268
211884
212355
212996
213596
214201
214585
215001
215343
215731
215861
216011
216165
216287
216688
217084
217460
217787
217925
218051
218356
218459
218875
219275
219657
219969
220091
220232
220542
220663
221018
221392
221780
222091
222216
222354
222698
223151
223454
223574
224500